w1: 
 [[-3.6822877 ]
 [-0.10847306]
 [ 2.2331066 ]
 [ 0.1856253 ]
 [ 0.45517048]
 [-0.02312637]] 
b1: 
 [[1.5862614]
 [0.877627 ]
 [1.1388676]] 
w2: 
 [[ 1.4733282 ]
 [ 0.0233913 ]
 [ 1.8337191 ]
 [ 0.5318721 ]
 [-0.10275912]
 [ 1.7082747 ]
 [ 0.34273222]
 [ 1.9689031 ]
 [-0.3027953 ]] 
b2: 
 [[-0.38655558]
 [-0.24077167]
 [ 1.9248992 ]] 
w3: 
 [[-2.0420783 ]
 [-1.0966592 ]
 [-1.2976278 ]
 [ 0.724218  ]
 [-0.7911025 ]
 [-5.2958784 ]
 [ 0.5666455 ]
 [ 0.5103781 ]
 [ 0.22726905]] 
b3: 
 [[-0.63533896]
 [ 3.1432395 ]
 [ 0.51922286]] 
w4: 
 [[ 0.9015466 ]
 [ 0.7073179 ]
 [ 0.48297468]
 [ 1.2999218 ]
 [-1.6387379 ]
 [ 2.5517776 ]
 [ 2.2387807 ]
 [ 0.9508558 ]
 [ 3.6210291 ]] 
b4: 
 [[-0.18271172]
 [-2.4842863 ]
 [ 0.143519  ]] 
w5: 
 [[ 1.9558284 ]
 [-1.0695932 ]
 [-0.31784078]] 
b5: 
 [[0.5747859]] 
