
 w1: 

-3.882399320602417 
-0.10570936650037766 
2.2785606384277344 
0.19502778351306915 
0.42149895429611206 
-0.027543799951672554 

 b1: 

1.6891146898269653 
0.799759030342102 
1.1522274017333984 

 w2: 

1.5851848125457764 
0.028161926195025444 
1.8602505922317505 
0.6042934656143188 
-0.11375745385885239 
1.7297426462173462 
0.3807883858680725 
1.9878947734832764 
-0.29736706614494324 

 b2: 

-0.43252769112586975 
-0.21198958158493042 
2.0273215770721436 

 w3: 

-1.943743348121643 
-1.0205312967300415 
-1.346107006072998 
0.7584130764007568 
-0.7586910724639893 
-5.497555255889893 
0.6103198528289795 
0.525524377822876 
0.2876843214035034 

 b3: 

-0.7710283994674683 
3.1673998832702637 
0.919692873954773 

 w4: 

0.8754281997680664 
0.6977945566177368 
0.40699508786201477 
1.319929599761963 
-1.422418475151062 
2.3916685581207275 
2.326409101486206 
0.9857243895530701 
3.641599178314209 

 b4: 

-0.24042576551437378 
-2.5190696716308594 
0.029258007183670998 

 w5: 

1.9244475364685059 
-1.044008493423462 
-0.35234859585762024 

 b5: 

0.5398819446563721 
