Temperature: mean: 5350.0, std: 3003.687573206167 
Pressure: mean: 0.6, std: 0.2583369271212277 
Thermal Conductivity: mean: 1.3577453525641028, std: 1.151298802100923 

 w1: 

-1.509173035621643 
0.5237865447998047 
2.913015365600586 
0.011024920269846916 
-0.7952345013618469 
-0.054956842213869095 

 b1: 

0.07947462052106857 
-1.8864167928695679 
-0.46424317359924316 

 w2: 

0.9590182900428772 
-0.5533522963523865 
0.6885833740234375 
1.214911937713623 
0.39636021852493286 
-0.9284956455230713 
1.5494611263275146 
-1.2249934673309326 
-1.0223066806793213 

 b2: 

0.3578856289386749 
0.5508144497871399 
1.317907691001892 

 w3: 

0.3172774314880371 
-0.7567335367202759 
0.9551852345466614 
0.8147060871124268 
0.007117168046534061 
1.140172004699707 
-0.8234832882881165 
1.3934540748596191 
1.4214107990264893 
-0.1615026593208313 
0.8777523040771484 
0.6848567724227905 

 b3: 

0.06604503840208054 
0.2857307493686676 
-1.6964832544326782 
-0.9717935919761658 

 w4: 

0.2888418138027191 
-2.6969757080078125 
0.46157553791999817 
0.5125861763954163 
0.5386978983879089 
-0.9836875796318054 
-0.01483139768242836 
1.4751546382904053 
-0.6227983236312866 
-0.4551388919353485 
-0.2130018025636673 
-2.8320045471191406 
1.0286375284194946 
0.9693933725357056 
0.3511554002761841 
-0.6255216002464294 

 b4: 

0.37616387009620667 
-0.526587724685669 
-0.5559573769569397 
0.26267901062965393 

 w5: 

-0.6357399225234985 
0.294632226228714 
-1.600899577140808 
0.6151506900787354 
0.7284963130950928 
0.9006852507591248 
0.3301415741443634 
0.8569502234458923 
-0.41813018918037415 
1.3197567462921143 
-0.3724364936351776 
-0.3086980879306793 

 b5: 

-0.9098886847496033 
-0.7004027366638184 
-0.33897098898887634 

 w6: 

-0.9001536965370178 
-1.1546021699905396 
-1.1361892223358154 

 b6: 

0.8260123133659363 
