Temperature: mean: 5350.0, std: 3003.687573206167 
Pressure: mean: 0.599999999999997, std: 0.2583369271212281 
Specific Heat Capacity: mean: 5931.581196581196, std: 4475.737159471366 

 w1: 

-0.35398000478744507 
0.0002293551660841331 
-1.4576590061187744 
0.0017083755228668451 
-0.6290063858032227 
0.008071335963904858 

 b1: 

0.9043070673942566 
-0.9684563875198364 
0.5387492179870605 

 w2: 

0.0872102901339531 
0.7979274392127991 
1.3980512619018555 
0.07137493044137955 
-0.6343366503715515 
-0.3422105014324188 
1.4766582250595093 
1.6811878681182861 
1.0679844617843628 

 b2: 

-0.4084930717945099 
-0.3802604377269745 
0.36633411049842834 

 w3: 

0.5713802576065063 
3.5279297828674316 
1.0284630060195923 
-0.41733574867248535 
0.29147934913635254 
0.5344014763832092 
1.1699706315994263 
-0.32188880443573 
1.4287538528442383 
-1.8108477592468262 
0.2858079671859741 
1.2672927379608154 

 b3: 

-0.7870458364486694 
-3.639092206954956 
-0.22467844188213348 
-0.32762816548347473 

 w4: 

0.3758624196052551 
1.7836822271347046 
0.97113436460495 
-0.4268191456794739 
0.3203858733177185 
-0.21131950616836548 
-0.10531415045261383 
-3.7861287593841553 
0.16668932139873505 
-2.0465760231018066 
-1.005834698677063 
-0.33613622188568115 
-0.1222396194934845 
-1.1739827394485474 
0.06767695397138596 
-0.6158236265182495 

 b4: 

-2.2770960330963135 
0.25102654099464417 
1.1270065307617188 
2.4659576416015625 

 w5: 

-0.16986602544784546 
-0.2718876898288727 
-1.2697010040283203 
1.7117156982421875 
-1.6125953197479248 
-0.150600403547287 
0.2528591752052307 
-0.9563322067260742 
1.4187543392181396 
0.007159082684665918 
-1.3149070739746094 
-0.7703428268432617 

 b5: 

0.01650768332183361 
0.5495414733886719 
0.17198970913887024 

 w6: 

1.5743577480316162 
0.7439723014831543 
0.7859952449798584 

 b6: 

0.48712071776390076 
