Temperature: mean: 5350.0, std: 3003.687573206167 
Pressure: mean: 0.599999999999997, std: 0.2583369271212281 
Enthalpy: mean: 15509423.717948718, std: 19999849.743668567 

 w1: 

0.6376335024833679 
0.38900890946388245 
-0.3806770443916321 
-0.009999287314713001 
-0.887802243232727 
0.019048744812607765 

 b1: 

0.29814720153808594 
-1.9457957744598389 
0.767225980758667 

 w2: 

1.3080741167068481 
2.2873716354370117 
1.3125838041305542 
0.17840364575386047 
1.0938788652420044 
-0.2057497501373291 
-1.6252484321594238 
-0.5173965096473694 
0.2146153748035431 

 b2: 

-0.4598391354084015 
0.6679133176803589 
-0.1158796176314354 

 w3: 

-0.49789950251579285 
0.03492942824959755 
0.578510046005249 
1.7193979024887085 
-0.6821465492248535 
-0.850409209728241 
0.11354775726795197 
0.3862079381942749 
-1.071221947669983 
-0.9792758822441101 
0.9499498605728149 
-0.1454795002937317 

 b3: 

0.387067586183548 
-0.4122031033039093 
0.09204219281673431 
0.03614861145615578 

 w4: 

0.6902408599853516 
1.0578341484069824 
-1.3513553142547607 
-0.4245742857456207 
-0.07449639588594437 
0.9900833368301392 
-1.8604130744934082 
0.4017018973827362 
0.6185370683670044 
-0.15683378279209137 
0.07272937893867493 
-1.3985798358917236 
0.04412083327770233 
1.000255823135376 
-0.5250174403190613 
-2.0956153869628906 

 b4: 

-0.01721310056746006 
-0.7076467871665955 
0.6620039939880371 
-0.13423654437065125 

 w5: 

0.15212593972682953 
0.3125576078891754 
0.24730169773101807 
0.6328983902931213 
0.10930018126964569 
0.6458075046539307 
-1.1661484241485596 
-0.2189437747001648 
0.0855129286646843 
-0.11360000818967819 
-1.6541690826416016 
0.014060042798519135 

 b5: 

-0.6435320377349854 
0.0508822463452816 
0.45899707078933716 

 w6: 

-0.9923020005226135 
1.0403965711593628 
0.49544280767440796 

 b6: 

0.4511399269104004 
