Temperature: mean: 5350.0, std: 3003.687573206167 
Pressure: mean: 0.6, std: 0.2583369271212277 
Specific Heat Capacity: mean: 5931.581196581196, std: 4475.737159471364 

 w1: 

-3.8814680576324463 
-0.1028246134519577 
2.278005838394165 
0.1945861428976059 
0.4227200746536255 
-0.02945123426616192 

 b1: 

1.6920150518417358 
0.8015099167823792 
1.1526994705200195 

 w2: 

1.5862270593643188 
0.029355041682720184 
1.8595926761627197 
0.603647768497467 
-0.1148231029510498 
1.7316454648971558 
0.38185662031173706 
1.9873573780059814 
-0.2977028787136078 

 b2: 

-0.43189993500709534 
-0.21162399649620056 
2.0277318954467773 

 w3: 

-1.9410414695739746 
-1.0203526020050049 
-1.346351146697998 
0.7587569952011108 
-0.7586756944656372 
-5.49837064743042 
0.6112977266311646 
0.5252222418785095 
0.2883465588092804 

 b3: 

-0.7724313735961914 
3.167127847671509 
0.9230484962463379 

 w4: 

0.8752935528755188 
0.6977469325065613 
0.40502220392227173 
1.3186578750610352 
-1.4214446544647217 
2.391118288040161 
2.328082323074341 
0.9861599802970886 
3.6405107975006104 

 b4: 

-0.2418118417263031 
-2.5195083618164062 
0.029474176466464996 

 w5: 

1.9261775016784668 
-1.0417354106903076 
-0.3533836901187897 

 b5: 

0.5385264754295349 
