Temperature: mean: 5350.0, std: 3003.687573206167 
Pressure: mean: 0.599999999999997, std: 0.2583369271212281 
Sound Speed: mean: 1560.2863247863247, std: 768.780693932665 

 w1: 

-0.7307152152061462 
-0.6436856985092163 
-2.7592785358428955 
0.04614328593015671 
-0.026586033403873444 
0.1324838548898697 

 b1: 

0.47962403297424316 
0.10593986511230469 
0.2911882698535919 

 w2: 

-0.8801090121269226 
-0.18081288039684296 
1.5930452346801758 
-1.1458746194839478 
-0.11724358052015305 
-0.776216447353363 
0.4792632758617401 
0.9121307730674744 
-0.8026067018508911 

 b2: 

0.23743975162506104 
-0.523537278175354 
0.40387171506881714 

 w3: 

0.4040951728820801 
-1.1118299961090088 
1.1310194730758667 
0.7112810611724854 
-0.7692898511886597 
0.4629395604133606 
0.23729978501796722 
0.20710577070713043 
-0.816240131855011 
0.5529916882514954 
0.1792355477809906 
-2.0247113704681396 

 b3: 

0.21161498129367828 
-0.4298851490020752 
0.1645740568637848 
0.04023982211947441 

 w4: 

0.4215247333049774 
0.7238610982894897 
0.24257716536521912 
-0.9812460541725159 
0.36708033084869385 
-1.6605901718139648 
-0.9054445624351501 
-0.997801661491394 
0.5564988255500793 
-0.26648321747779846 
-0.5611064434051514 
-0.32017645239830017 
-0.5312762260437012 
1.1510790586471558 
0.4086674749851227 
0.16083180904388428 

 b4: 

0.25651705265045166 
0.13024042546749115 
0.2577338218688965 
-0.07506982982158661 

 w5: 

-0.6213486790657043 
-0.02969035692512989 
0.7390424609184265 
-0.8174756765365601 
-1.2245742082595825 
0.4680512547492981 
-1.5160008668899536 
-0.558569610118866 
-0.037000205367803574 
-0.5275748372077942 
-0.006588284857571125 
-0.2587128281593323 

 b5: 

-0.3428322672843933 
0.39998674392700195 
0.1486736685037613 

 w6: 

-0.631259560585022 
0.5123047232627869 
0.9473093748092651 

 b6: 

0.15288971364498138 
