Temperature: mean: 5350.0, std: 3003.687573206167 
Pressure: mean: 0.599999999999997, std: 0.2583369271212281 
Molecular Mass: mean: 25.572222222222198, std: 11.303280380310497 

 w1: 

-1.8459724187850952 
-0.7374132871627808 
1.9843275547027588 
0.0767069160938263 
0.11750096827745438 
-0.08660435676574707 

 b1: 

-0.07091102749109268 
-0.6123647093772888 
-0.7819148898124695 

 w2: 

1.1338708400726318 
-1.1228632926940918 
0.3971840441226959 
1.321738839149475 
0.7645241618156433 
-0.22491921484470367 
1.311639666557312 
-1.3076155185699463 
-0.6428280472755432 

 b2: 

0.42994794249534607 
0.7005350589752197 
1.242044448852539 

 w3: 

0.29756447672843933 
-0.28767627477645874 
0.4312584102153778 
0.9801797866821289 
-0.1630251705646515 
0.46780601143836975 
-1.8310754299163818 
1.1933536529541016 
1.1639348268508911 
-0.0909082368016243 
0.7274343371391296 
0.7098873257637024 

 b3: 

-0.022290918976068497 
-0.2234238088130951 
-2.0058560371398926 
-0.9797627329826355 

 w4: 

0.19257165491580963 
-1.6482207775115967 
0.24603265523910522 
0.6579700112342834 
0.6732521057128906 
-1.0753060579299927 
-0.9346352219581604 
0.5955076217651367 
-0.777364194393158 
-1.2368711233139038 
-0.4016028940677643 
-2.236564874649048 
0.8530617952346802 
1.5783891677856445 
0.39263373613357544 
-0.3287604749202728 

 b4: 

0.20317122340202332 
-0.5114638805389404 
-0.7019051313400269 
0.1454569697380066 

 w5: 

-0.6737558245658875 
0.2653360366821289 
-1.4650286436080933 
0.5019117593765259 
0.9767972230911255 
0.402121365070343 
0.16639091074466705 
0.43389400839805603 
-0.49347978830337524 
1.021158218383789 
0.16874924302101135 
-0.2200593203306198 

 b5: 

-0.9755154848098755 
-0.8407048583030701 
-0.12604935467243195 

 w6: 

-0.519438624382019 
-0.252736359834671 
-0.7271661162376404 

 b6: 

0.37015920877456665 
