Temperature: mean: 5350.0, std: 3003.687573206167 
Pressure: mean: 0.6, std: 0.2583369271212277 
Thermal Conductivity: mean: 1.3577453525641028, std: 1.151298802100923 

 w1: 

-3.4226579666137695 
0.8927803039550781 
0.6324726939201355 
0.2246214598417282 
0.10017102211713791 
0.3600030839443207 

 b1: 

2.3246588706970215 
0.9629808664321899 
-0.551179826259613 

 w2: 

0.7076581716537476 
1.7283148765563965 
1.602888584136963 
0.7895938754081726 
-1.0170609951019287 
3.082404851913452 
-0.23106282949447632 
-0.46895068883895874 
-2.7721805572509766 

 b2: 

-0.3515785336494446 
-4.700378894805908 
-6.908813953399658 

 w3: 

-3.5236008167266846 
-0.11674483865499496 
-1.1818530559539795 
-1.6500762701034546 
-0.8728772401809692 
-2.6215665340423584 
-2.5284106731414795 
0.190021350979805 
-0.4206182360649109 

 b3: 

0.1357288509607315 
1.521630048751831 
0.11046323925256729 

 w4: 

-0.6217984557151794 
1.7480651140213013 
1.108945608139038 
-1.2843800783157349 
-5.072216510772705 
-1.0809540748596191 
1.7808030843734741 
1.7175664901733398 
0.49119800329208374 

 b4: 

0.14473433792591095 
-1.243111491203308 
-0.23893265426158905 

 w5: 

1.8122392892837524 
-1.5031695365905762 
-0.8980527520179749 

 b5: 

-0.40554213523864746 
