Temperature: mean: 5350.0, std: 3003.687573206167 
Pressure: mean: 0.599999999999997, std: 0.2583369271212281 
Viscosity: mean: 0.00014446720085470072, std: 6.682687556213478e-05 

 w1: 

-0.07627664506435394 
0.9941458106040955 
-0.8704563975334167 
-0.22618533670902252 
-0.09883543848991394 
0.16403548419475555 

 b1: 

0.41232216358184814 
-0.8418604731559753 
0.5989241600036621 

 w2: 

0.6636766195297241 
-0.14462170004844666 
0.16192249953746796 
0.3613113760948181 
-0.4963308274745941 
1.1713380813598633 
0.7856444120407104 
-0.46768686175346375 
0.4976082444190979 

 b2: 

0.037876639515161514 
0.20873013138771057 
-0.27797114849090576 

 w3: 

-1.1053541898727417 
-0.22865509986877441 
0.15506090223789215 
0.6224076747894287 
0.6232283115386963 
0.5782488584518433 
-0.2416839748620987 
0.3030741214752197 
0.680594801902771 
0.05129415541887283 
0.8046010136604309 
0.8724228143692017 

 b3: 

0.056650690734386444 
0.5072046518325806 
0.3000965118408203 
-0.5125739574432373 

 w4: 

0.14559537172317505 
0.38261520862579346 
-0.8301361799240112 
-0.7056663036346436 
-0.39481210708618164 
0.8336483836174011 
-0.45243358612060547 
-0.1939031183719635 
-0.1747446358203888 
0.40171387791633606 
-0.7015233635902405 
0.9282103180885315 
3.6811728477478027 
-0.2170257270336151 
-0.9022107124328613 
1.007148027420044 

 b4: 

-0.29718706011772156 
0.26107725501060486 
-0.47891902923583984 
-0.3255309462547302 

 w5: 

-0.23205097019672394 
-0.16232942044734955 
0.9823085069656372 
-0.91341632604599 
-0.8499591946601868 
-0.6773275136947632 
0.6799728274345398 
0.7843464612960815 
0.4437086880207062 
-0.2398652881383896 
1.0026557445526123 
0.13515667617321014 

 b5: 

-0.18520402908325195 
-0.17872688174247742 
-0.5808397531509399 

 w6: 

-0.5584090352058411 
-0.750946044921875 
-0.39150336384773254 

 b6: 

0.21321344375610352 
